Sensor Mics_VZ power on
Sensor Grove power on
Pre-heat time before sending data
0:00
Ready for sending data
CO, NO2, CO2, VOC, TIME
2.99,0.59,400.00,0.00, 0.00
2.12,0.47,400.00,0.00, 0.17
1.49,0.42,400.00,0.00, 0.33
1.13,0.41,400.00,0.00, 0.50
0.87,0.40,400.00,0.00, 0.67
0.70,0.39,400.00,0.00, 0.83
0.57,0.40,400.00,0.00, 1.00
0.49,0.40,400.00,0.00, 1.17
0.42,0.40,400.00,0.00, 1.33
0.37,0.41,400.00,0.00, 1.50
0.33,0.42,400.00,0.00, 1.67
0.30,0.42,400.00,0.00, 1.83
0.27,0.43,400.00,0.00, 2.00
0.25,0.43,400.00,0.00, 2.17
0.23,0.44,400.00,0.00, 2.33
0.22,0.45,400.00,0.00, 2.50
0.21,0.45,400.00,0.00, 2.67
0.19,0.46,400.00,0.00, 2.83
0.18,0.47,400.00,0.00, 3.00
0.17,0.47,400.00,0.00, 3.17
0.17,0.47,400.00,0.00, 3.33
0.16,0.48,400.00,0.00, 3.50
0.15,0.49,400.00,0.00, 3.67
0.15,0.49,400.00,0.00, 3.83
0.15,0.50,400.00,0.00, 4.00
0.14,0.51,400.00,0.00, 4.17
0.14,0.51,400.00,0.00, 4.33
0.13,0.52,400.00,0.00, 4.50
0.13,0.52,400.00,0.00, 4.67
0.13,0.52,400.00,0.00, 4.83
0.13,0.53,400.00,0.00, 5.00
0.13,0.53,400.00,0.00, 5.17
0.12,0.54,400.00,0.00, 5.33
0.12,0.54,400.00,0.00, 5.50
0.12,0.55,400.00,0.00, 5.67
0.11,0.55,400.00,0.00, 5.83
0.11,0.56,400.00,0.00, 6.00
0.11,0.56,400.00,0.00, 6.17
0.11,0.56,400.00,0.00, 6.33
0.11,0.56,400.00,0.00, 6.50
0.11,0.56,400.00,0.00, 6.67
0.11,0.57,400.00,0.00, 6.83
0.11,0.57,400.00,0.00, 7.00
0.11,0.58,400.00,0.00, 7.17
0.11,0.58,400.00,0.00, 7.33
0.11,0.58,400.00,0.00, 7.50
0.11,0.58,400.00,0.00, 7.67
0.10,0.59,400.00,0.00, 7.83
0.10,0.59,400.00,0.00, 8.00
0.10,0.59,400.00,0.00, 8.17
0.10,0.59,400.00,0.00, 8.33
0.10,0.60,400.00,0.00, 8.50
0.10,0.60,400.00,0.00, 8.67
0.10,0.60,400.00,0.00, 8.83
0.10,0.61,400.00,0.00, 9.00
0.10,0.61,400.00,0.00, 9.17
0.10,0.61,400.00,0.00, 9.33
0.10,0.62,400.00,0.00, 9.50
0.10,0.62,400.00,0.00, 9.67
0.10,0.62,400.00,0.00, 9.83
0.10,0.62,400.00,0.00, 10.00
0.10,0.63,400.00,0.00, 10.17
0.09,0.63,400.00,0.00, 10.33
0.09,0.64,400.00,0.00, 10.50
0.09,0.64,400.00,0.00, 10.67
0.09,0.64,400.00,0.00, 10.83
0.09,0.64,400.00,0.00, 11.00
0.09,0.65,400.00,0.00, 11.17
0.09,0.65,400.00,0.00, 11.33
0.09,0.65,400.00,0.00, 11.50
0.09,0.65,400.00,0.00, 11.67
0.09,0.66,400.00,0.00, 11.83
0.09,0.66,400.00,0.00, 12.00
0.09,0.66,400.00,0.00, 12.17
0.09,0.66,400.00,0.00, 12.33
0.09,0.67,400.00,0.00, 12.50
0.09,0.67,400.00,0.00, 12.67
0.09,0.67,400.00,0.00, 12.83
0.09,0.67,400.00,0.00, 13.00
0.09,0.68,400.00,0.00, 13.17
0.09,0.68,400.00,0.00, 13.33
0.09,0.68,400.00,0.00, 13.50
0.09,0.68,400.00,0.00, 13.67
0.09,0.68,400.00,0.00, 13.83
0.09,0.68,400.00,0.00, 14.00
0.09,0.68,400.00,0.00, 14.17
0.09,0.69,400.00,0.00, 14.33
0.09,0.69,400.00,0.00, 14.50
0.09,0.69,400.00,0.00, 14.67
0.09,0.70,406.99,0.00, 14.83
0.09,0.70,400.00,0.00, 15.00
0.09,0.70,406.99,0.00, 15.17
0.09,0.71,406.99,0.00, 15.33
0.09,0.71,406.99,0.00, 15.50
0.09,0.71,406.99,0.00, 15.67
0.09,0.71,406.99,0.00, 15.83
0.08,0.71,406.99,0.00, 16.00
0.08,0.71,406.99,0.00, 16.17
0.08,0.72,406.99,0.00, 16.33
0.09,0.72,406.99,0.00, 16.50
0.09,0.72,406.99,0.00, 16.67
0.09,0.72,406.99,0.00, 16.83
0.09,0.72,406.99,0.00, 17.00
0.08,0.72,406.99,0.00, 17.17
0.08,0.72,406.99,0.00, 17.33
0.08,0.72,406.99,0.00, 17.50
0.08,0.73,406.99,0.00, 17.67
0.08,0.73,406.99,0.00, 17.83
0.08,0.73,406.99,0.00, 18.00
0.08,0.73,413.97,0.00, 18.17
0.08,0.73,413.97,0.00, 18.33
0.08,0.73,413.97,0.00, 18.50
0.08,0.74,413.97,0.00, 18.67
0.08,0.74,413.97,0.00, 18.83
0.08,0.74,413.97,0.00, 19.00
0.08,0.74,413.97,0.00, 19.17
0.08,0.75,413.97,0.00, 19.33
0.08,0.75,413.97,0.00, 19.50
0.08,0.75,413.97,0.00, 19.67
0.08,0.76,413.97,0.00, 19.83
0.08,0.76,413.97,0.00, 20.00
0.08,0.76,420.96,0.00, 20.17
0.08,0.76,420.96,0.00, 20.33
0.08,0.77,420.96,0.00, 20.50
0.08,0.77,420.96,0.00, 20.67
0.08,0.77,420.96,0.00, 20.83
0.08,0.77,420.96,0.00, 21.00
0.08,0.77,420.96,0.00, 21.17
0.08,0.77,420.96,0.00, 21.33
0.08,0.78,420.96,0.00, 21.50
0.08,0.78,420.96,0.00, 21.67
0.08,0.78,420.96,0.00, 21.83
0.08,0.78,427.95,0.00, 22.00
0.08,0.78,427.95,0.00, 22.17
0.08,0.78,427.95,0.00, 22.33
0.08,0.78,427.95,0.00, 22.50
0.08,0.79,427.95,0.00, 22.67
0.08,0.79,427.95,0.00, 22.83
0.08,0.79,427.95,0.00, 23.00
0.08,0.80,427.95,0.00, 23.17
0.08,0.80,434.93,0.00, 23.33
0.08,0.80,434.93,0.00, 23.50
0.08,0.80,434.93,0.00, 23.67
0.08,0.80,434.93,0.00, 23.83
0.08,0.80,434.93,0.00, 24.00
0.08,0.80,434.93,0.00, 24.17
0.08,0.80,434.93,0.00, 24.33
0.08,0.81,434.93,0.00, 24.50
0.08,0.81,441.92,0.00, 24.67
0.08,0.81,441.92,0.00, 24.83
0.08,0.81,441.92,0.00, 25.00
0.08,0.81,441.92,0.00, 25.17
0.08,0.81,441.92,0.00, 25.33
0.08,0.81,441.92,0.00, 25.50
0.08,0.81,441.92,0.00, 25.67
0.08,0.81,441.92,0.00, 25.83
0.08,0.81,448.91,0.00, 26.00
0.08,0.81,448.91,0.00, 26.17
0.08,0.82,448.91,0.00, 26.33
0.08,0.82,448.91,0.00, 26.50
0.08,0.82,448.91,0.00, 26.67
0.08,0.82,448.91,0.00, 26.83
0.08,0.82,448.91,0.00, 27.00
0.08,0.83,455.90,0.00, 27.17
0.08,0.83,455.90,0.00, 27.33
0.08,0.83,455.90,0.00, 27.50
0.08,0.83,455.90,0.00, 27.67
0.08,0.83,455.90,0.00, 27.83
0.08,0.83,455.90,0.00, 28.00
0.08,0.83,455.90,0.00, 28.17
0.08,0.83,462.88,0.00, 28.33
0.08,0.83,462.88,0.00, 28.50
0.08,0.83,462.88,0.00, 28.67
0.08,0.83,462.88,0.00, 28.83
0.08,0.83,462.88,0.00, 29.00
0.08,0.83,462.88,0.00, 29.17
0.08,0.83,462.88,0.00, 29.33
0.08,0.83,462.88,0.00, 29.50
0.08,0.83,469.87,0.00, 29.67
0.08,0.84,469.87,0.00, 29.83
0.08,0.84,469.87,0.00, 30.00
